58488
60977
62555
-69453
-65879
-39245
-27228
79148
96214
7072
-102
-61834
-83651
24389
3381
-12931
48463
-57436
67555
-76695
38630
-49007
-46559
29456
73532
67436
12473
-78111
-72482
25200
-46515
-60660
-67311
71280
22553
32475
52318
78170
84250
24854
-30387
-3190
-77569
6156
-31597
458
-73885
15578
75051
5512
59632
-24458
-63471
-66929
84026
66957
75231
13129
34482
-94134
-63047
25318
-35365
-80264
-19908
-98663
-76251
45073
53101
54514
32225
-74035
-68258
8178
-51085
-21785
98743
50590
39348
-2904
75940
-36604
79087
-70491
-87857
57125
8576
80485
38264
-14304
-7648
9665
-16075
37909
-94904
-92981
-83905
46223
59947
35703
